{"objs":[{"id":66,"tag":"plank","pathArray":null,"transform":[0.8995903,0,-0.4367349,0,0,1,0,0,0.4367349,0,0.8995903,0,2.85,0.09,7.55,1],"components":[{"colliders":[{"type":"UnityEngine.BoxCollider","trigger":false,"rotation":[0,-0.2240644,0,0.9745743],"center":[0,0,0],"size":[1.471338,0.1345757,0.7213384]}]}]},{"id":67,"tag":"plank","pathArray":null,"transform":[0.8995903,0,-0.4367349,0,0,1,0,0,0.4367349,0,0.8995903,0,2.96,0.21,7.78,1],"components":[{"colliders":[{"type":"UnityEngine.BoxCollider","trigger":false,"rotation":[0,-0.2240644,0,0.9745743],"center":[0,0,0],"size":[1.471338,0.1345757,0.7213384]}]}]},{"id":68,"tag":"plank","pathArray":null,"transform":[0.8995903,0,-0.4367349,0,0,1,0,0,0.4367349,0,0.8995903,0,3.17,0.09,8.200001,1],"components":[{"colliders":[{"type":"UnityEngine.BoxCollider","trigger":false,"rotation":[0,-0.2240644,0,0.9745743],"center":[0,0,0],"size":[1.471338,0.1345757,0.7213384]}]}]},{"id":69,"tag":"plank","pathArray":null,"transform":[0.8995903,0,-0.4367349,0,0,1,0,0,0.4367349,0,0.8995903,0,3.49,0.09,8.860001,1],"components":[{"colliders":[{"type":"UnityEngine.BoxCollider","trigger":false,"rotation":[0,-0.2240644,0,0.9745743],"center":[0,0,0],"size":[1.471338,0.1345757,0.7213384]}]}]},{"id":70,"tag":"plank","pathArray":null,"transform":[0.8995903,0,-0.4367349,0,0,1,0,0,0.4367349,0,0.8995903,0,3.265,0.21,8.413,1],"components":[{"colliders":[{"type":"UnityEngine.BoxCollider","trigger":false,"rotation":[0,-0.2240644,0,0.9745743],"center":[0,0,0],"size":[1.471338,0.1345757,0.7213384]}]}]},{"id":71,"tag":"plank","pathArray":null,"transform":[0.8995903,0,-0.4367349,0,0,1,0,0,0.4367349,0,0.8995903,0,3.126,0.34,8.132,1],"components":[{"colliders":[{"type":"UnityEngine.BoxCollider","trigger":false,"rotation":[0,-0.2240644,0,0.9745743],"center":[0,0,0],"size":[1.471338,0.1345757,0.7213384]}]}]},{"id":72,"tag":"enemy","pathArray":null,"transform":[1.3,0,0,0,0,1.3,0,0,0,0,1.3,0,0,0,5.55,1]}],"splines":null,"relivePoints":null,"links":null,"mesh":null}